$ANSIBLE_VAULT;1.1;AES256
37613532306463366664333034313162343730383065366439373362343739373663373733633761
6538666333643666386263386432643761303131386261380a323166333133663133336537643161
64316231333066356533353036613130656665386539366238316662616665623132366339313263
6335643966356633630a306435633138323038373262346663313766313137613366326637323665
38363266323537396465306437643266313261313332643632386161643265353032396461326533
33313538316334326162313937383136613966343263353465396537613364363134316132323439
36323133643232336138663239356232663865326634343437656465396564373939353534343434
36333233313735356639386636613839336165376165656336313566386430396631376330326634
30306162626532346265643761636361626238373137383631313833313333663634356265366536
37316331366137653162383231623830363264633136363062373437613933353563373062656637
65373362366435643165386132383465383632333032353261396633313131636531636565626561
30383636653636383235656633353061623738333532313438326131636266313461363063383130
6139
